65
971
49
109
408
805
33
716
835
28
155
483
39
789
559
42
960
320
67
628
342
260
929
946
793
246
860
114
89
686
417
48
877
529
460
266
150
243
73
981
714
441
724
613
699
228
740
978
963
444
256
816
281
709
729
363
121
304
966
197
342
930
662
836
896
550
693
571
16
473
187
929
975
385
469
401
136
402
542
5
192
91
178
665
646
574
265
743
369
882
485
609
476
983
307
698
4
825
913
298
918
18
632
286
772
126
228
351
166
56
437
143
909
532
944
603
425
753
530
118
154
514
362
2
283
43
690
434
32
817
464
730
814
758
197
710
102
385
347
918
581
265
959
838
691
623
531
640
52
623
768
962
72
34
968
228
771
424
513
656
470
348
125
684
644
622
864
726
152
124
380
90
568
331
505
766
608
227
326
799
478
354
738
211
703
250
209
618
989
888
303
588
232
705
938
793
627
839
877
350
298
814
456
875
690
575
87
536
705
822
562
281
527
660
329
730
927
211
563
449
487
669
629
624
918
848
372
96
221
131
743
864
286
138
32
295
27
481
22
174
683
287
62
279
497
533
78
540
866
149
471
773
822
736
730
870
191
869
6
269
321
57
407
864
107
930
866
720
114
745
56
291
13
717
759
390
404
39
173
653
734
513
81
32
148
184
566
674
191
486
754
131
304
596
249
312
74
756
355
32
445
504
865
424
384
911
432
573
610
558
964
706
113
724
763
566
366
404
798
1000
362
171
737
612
605
40
283
58
657
982
204
785
44
858
870
253
302
748
280
420
746
846
343
140
330
867
2
984
989
171
288
203
962
42
843
818
670
350
602
51
479
613
909
156
605
524
759
489
926
84
414
68
954
190
508
600
201
568
73
640
13
470
178
187
492
466
290
133
103
532
814
477
997
769
322
35
939
303
927
534
610
311
204
135
947
122
613
239
520
224
701
458
260
455
305
110
480
795
897
351
772
978
43
9
527
895
229
786
182
57
812
711
320
498
7
529
978
442
823
843
367
912
214
672
948
695
18
247
301
961
56
994
763
38
163
57
356
100
782
567
446
494
45
736
931
246
841
872
593
636
422
354
170
799
776
817
630
882
78
252
707
810
573
598
832
12
203
260
669
676
226
788
192
62
982
865
986
430
644
738
926
79
491
840
486
80
294
994
298
72
699
980
414
277
277
878
195
627
133
781
208
177
274
702
892
782
147
190
375
50
663
847
539
414
953
777
174
855
728
993
749
474
387
870
963
247
27
8
769
775
770
101
913
584
498
139
522
67
367
10
634
784
260
567
335
100
778
480
12
284
743
317
343
96
791
207
584
452
650
898
937
553
791
90
851
553
14
355
291
807
970
115
49
993
54
410
830
255
191
563
13
476
300
926
412
723
908
561
34
927
9
953
347
156
542
523
696
172
529
671
848
900
798
1
101
574
322
560
257
307
760
122
287
74
812
700
88
862
293
872
453
843
554
877
927
543
644
975
124
42
5
41
800
729
759
524
240
533
883
660
123
537
327
385
954
949
174
289
524
205
98
676
30
976
848
874
271
985
871
257
434
913
567
25
107
373
1
959
840
207
571
319
107
897
864
816
971
605
381
520
888
20
95
89
845
485
732
524
528
830
824
541
367
563
377
271
862
346
18
386
932
962
647
795
897
426
974
955
178
175
616
529
54
740
770
105
857
199
753
390
967
693
514
442
491
190
14
626
108
687
476
590
949
867
252
896
256
275
500
231
190
699
522
350
5
623
625
756
778
506
212
888
341
970
767
759
42
930
594
852
675
760
545
629
889
210
614
654
443
243
827
431
881
41
943
957
160
915
978
230
770
864
686
961
123
858
87
20
107
692
325
285
553
987
704
304
26
645
272
789
322
718
455
830
264
498
21
68
775
524
436
383
319
649
543
697
331
931
38
770
561
850
339
231
458
259
989
741
427
230
471
178
605
291
711
186
998
862
226
984
307
31
629
143
140
309
336
621
596
897
985
66
110
915
502
309
893
113
582
108
923
358
566
27
79
571
438
783
397
437
157
750
482
355
421
60
767
557
99
893
